cv_loss: 17.78602146484967
epoch: 1
lr: 0.00120104
save_time: 21/02/2023 03:48:35
step: 30025
