cv_loss: 13.608161943060509
epoch: 2
lr: 0.00182495121742477
save_time: 21/02/2023 06:57:35
step: 45038
